[View-0]
-1978,-122,-500
0.99987,0.013207,0.0090874,0
0.0098517,-0.059006,-0.99821,0
-0.012647,0.99817,-0.059129,0
0,0,0,1
0.67307
-0.0074783,-4.2708e-05,-3.6251e-05
1

[View-1]
474,32,-3900
-0.097603,-0.10558,0.98961,0
0.014559,0.9941,0.10749,0
-0.99512,0.024899,-0.095489,0
0,0,0,1
0
0.00046613,-0.0032985,0.0014429
1

[View-2]
398,-396,-3900
-0.08857,-0.12595,0.98808,0
-0.012019,0.99203,0.12538,0
-0.996,-0.00077101,-0.089378,0
0,0,0,1
0.45053
0.0041993,0.00074935,-0.0026198
1

[View-3]
1939,-317,-1900
-0.98445,-0.047198,0.1692,0
-0.10762,0.92334,-0.36859,0
-0.13883,-0.38107,-0.91406,0
0,0,0,1
0.49442
-0.0047367,-0.0013505,-0.0024327
1

[View-4]
16,-78,-4600
0.50657,0.028205,0.86174,0
0.0015544,0.99943,-0.033625,0
-0.8622,0.018373,0.50624,0
0,0,0,1
0
-0.00057238,0.0047201,0.00059271
1

